1580026320640	2310	0	6083	7010
1580026320900	12529	0	13459	6844
1580026320901	27296	0	23781	30656
1580026320902	15403	0	16552	19388
1580026320903	17278	0	22409	14479
1580026320904	8632	0	13952	11628
1580026320908	4718	0	8455	760
1580026320909	32962	0	27870	38715
1580026320910	14166	0	24286	22319
1580026320911	24084	0	24817	35655
1580026320912	27032	0	40533	23958
1580026320913	12419	0	26680	31165
1580026320914	20882	0	12957	19439
1580026320915	13646	0	13454	8125
1580026320916	19316	0	18007	22822
1580026320917	16702	0	13890	13189
1580026320919	6684	0	9115	15596
1580026320920	25761	0	29504	12145
1580026320921	16625	0	12369	28059
1580026320922	25247	0	16288	17619
1580026320924	23914	0	28741	20085
1580026320925	23639	0	13790	21244
1580026320926	25168	0	28892	19900
1580026320927	10105	0	21709	15168
1580026320928	17399	0	19918	23386
1580026320929	31439	0	32212	18992
1580026320930	25371	0	20362	24287
1580026320931	20801	0	28248	22232
1580026320932	18047	0	31912	21746
1580026320933	22889	0	24388	11680
1580026320934	16671	0	4820	17655
1580026320935	22170	0	31445	31671
1580026320936	8816	0	13726	9683
1580026320937	25367	0	14909	11270
1580026320938	17531	0	23445	28915
1580026320939	13458	0	15490	24073
1580026320940	16436	0	12114	14482
1580026320941	41239	0	32231	34182
1580026320942	35430	0	16902	45898
1580026320943	47782	0	51345	32518
1580026320944	40745	0	21397	46347
1580026320945	38903	0	40862	30566
1580026320946	52554	0	41375	33098
1580026320947	58050	0	55360	38555
1580026320948	19151	0	38418	33229
1580026320949	23316	0	19591	15349
1580026320950	24126	0	38562	19882
1580026320951	9117	0	4947	2607
1580026320952	16636	0	17986	24070
1580026320953	39353	0	37744	36302
1580026320954	22929	0	28146	21742
1580026320955	35308	0	21521	28352
1580026320956	31445	0	29056	26794
1580026320957	38354	0	40735	31851
1580026320958	13222	0	23632	19913
1580026320959	31604	0	24787	18879
1580026320960	43071	0	37911	43585
1580026320961	29197	0	35305	26460
1580026320962	23631	0	27557	40336
1580026320963	19060	0	16201	34887
1580026320964	21675	0	21318	28293
1580026320965	30236	0	38672	28989
1580026320966	26142	0	26017	37320
1580026320967	29978	0	30735	27382
1580026320968	21127	0	21582	28600
1580026320969	19182	0	20353	32649
1580026320970	32641	0	23286	31411
1580026320971	20678	0	37556	34630
1580026320972	31157	0	31658	25725
1580026320973	34203	0	36862	31777
1580026320974	23633	0	34365	27615
1580026320975	22893	0	21423	35603
1580026320976	26942	0	43233	27148
1580026320977	41690	0	28947	53506
1580026320978	23060	0	39795	33807
1580026320979	23756	0	27543	29997
1580026320980	35606	0	26054	39979
1580026320981	26173	0	46451	35237
1580026320982	33356	0	40389	28159
1580026320983	30154	0	22394	35629
1580026320984	30295	0	34548	40746
1580026320985	37515	0	34426	24379
1580026320986	26443	0	28921	28015
1580026320987	30675	0	34032	31614
1580026320988	50728	0	40016	47242
1580026320989	31389	0	22540	19521
1580026320990	35865	0	35282	24311
1580026320991	24420	0	30853	40123
1580026320992	29015	0	35888	30120
1580026320993	30364	0	24820	24236
1580026320994	34713	0	51186	63013
1580026320995	57752	0	44458	46322
1580026320996	56740	0	41602	48804
1580026320997	40774	0	35298	44204
1580026320998	55879	0	52597	47049
1580026320999	45021	0	47975	59102
1580026321000	42303	0	59213	56613
1580026321001	63904	0	64524	29996
1580026321002	67437	0	61125	78091
1580026321003	66235	0	74160	55416
1580026321004	65975	0	65734	70136
1580026321005	53756	0	57885	65771
1580026321006	80823	0	65485	66658
1580026321007	69936	0	75830	73235
1580026321008	69258	0	54712	74013
1580026321009	56286	0	60182	60634
1580026321010	69783	0	67932	70165
1580026321011	76208	0	83139	76588
1580026321012	77488	0	67986	72648
1580026321013	75296	0	79315	66885
1580026321014	76210	0	90470	72738
1580026321015	77054	0	56794	58461
1580026321016	85511	0	92936	83534
1580026321017	53748	0	60807	77326
1580026321018	69487	0	74979	71952
1580026321019	76309	0	53355	67489
1580026321020	79912	0	87453	73314
1580026321021	49894	0	61012	76441
1580026321022	69842	0	69404	70516
1580026321023	79667	0	71927	98103
1580026321024	67335	0	55456	55673
1580026321025	58170	0	57143	53478
1580026321026	37398	0	38291	36176
1580026321027	52040	0	58333	74353
1580026321028	80104	0	84989	72827
1580026321029	50494	0	64212	63267
1580026321030	65932	0	92612	58495
1580026321031	82377	0	77410	70264
1580026321032	63163	0	81292	68919
1580026321033	82790	0	74155	89687
1580026321034	88666	0	91806	84331
1580026321035	51211	0	65924	60053
1580026321036	86699	0	93545	81447
1580026321037	98273	0	104016	87450
1580026321038	82522	0	76602	107364
1580026321039	110584	0	70833	86563
1580026321040	111777	0	79666	106200
1580026321041	73768	0	93005	91947
1580026321042	86367	0	118298	113013
1580026321043	68480	0	72403	62499
1580026321044	87517	0	85853	87984
1580026321045	116081	0	77400	119926
1580026321046	106763	0	106488	107558
1580026321047	95976	0	103762	90704
1580026321048	123213	0	121620	100107
1580026321049	119481	0	109696	90816
1580026321050	49174	0	84733	74726
1580026321051	16784	0	14919	8139
1580026321052	33536	0	31291	29550
1580026321053	139804	0	128953	134042
1580026321054	118477	0	141080	148292
1580026321055	112457	0	100063	91520
1580026321056	23160	0	18587	26124
1580026321057	71902	0	78203	76803
1580026321058	109381	0	95745	130913
1580026321059	107245	0	114513	100297
1580026321060	135310	0	136831	92851
1580026321061	107326	0	138473	112741
1580026321062	113539	0	122620	121379
1580026321063	122512	0	131396	123024
1580026321064	132186	0	117660	116773
1580026321065	127017	0	142732	103589
1580026321066	142576	0	136572	141936
1580026321067	147716	0	125352	120507
1580026321068	126288	0	128198	127533
1580026321069	127182	0	159593	128350
1580026321070	119522	0	107039	132987
1580026321071	220199	0	217503	215829
1580026321072	214047	0	211155	203755
1580026321073	227470	0	195096	199071
1580026321074	150524	0	112525	157577
1580026321075	239733	0	196188	240839
1580026321076	192634	0	244403	214510
1580026321077	218022	0	236376	224458
1580026321078	101141	0	109688	111160
1580026321079	100053	0	99581	100090
1580026321080	142931	0	124133	135493
1580026321081	231732	0	256277	232046
1580026321082	204408	0	236574	266645
1580026321083	238488	0	261468	249394
1580026321084	297520	0	268707	231644
1580026321085	235965	0	207383	219588
1580026321086	235813	0	213811	276622
1580026321087	222410	0	271237	224893
1580026321088	127511	0	144208	114826
1580026321089	146232	0	152539	130957
1580026321090	110805	0	137433	126093
1580026321091	229380	0	236097	223785
1580026321092	201881	0	242047	182754
1580026321093	213141	0	195769	185436
1580026321094	258946	0	301512	266427
1580026321095	269081	0	261593	260369
1580026321096	230886	0	253307	284079
1580026321097	252688	0	259726	283607
1580026321098	173067	0	188835	188880
1580026321099	155152	0	185023	167675
1580026321100	129083	0	149190	140247
1580026321101	158317	0	155180	164436
1580026321102	126005	0	140794	161216
1580026321103	260226	0	210093	225162
1580026321104	208700	0	233170	229171
1580026321105	189404	0	214171	169125
1580026321106	290753	0	262109	257272
1580026321107	276711	0	255322	248376
1580026321108	194219	0	167815	198543
1580026321109	154053	0	166658	161767
1580026321110	199573	0	176390	152617
1580026321111	181766	0	206455	196676
1580026321112	152897	0	157797	131030
1580026321113	133528	0	146624	153664
1580026321114	155886	0	150797	136405
1580026321115	241494	0	247302	225913
1580026321116	167709	0	158372	145644
1580026321117	161922	0	143794	154466
1580026321118	130648	0	125913	96438
1580026321119	131315	0	157840	137432
1580026321120	145613	0	148232	159352
1580026321121	140113	0	180875	140364
1580026321122	172058	0	161791	138652
1580026321123	244688	0	255401	238574
1580026321124	279163	0	245044	260685
1580026321125	314755	0	309235	276598
1580026321126	308702	0	285619	259291
1580026321127	270568	0	222533	217358
1580026321128	265862	0	250447	193163
1580026321129	54142	0	77227	75714
1580026321130	276538	0	233961	259064
1580026321131	204088	0	186448	164869
1580026321132	182103	0	181044	153340
1580026321133	168843	0	166467	144061
1580026321134	139428	0	166043	165661
1580026321135	161172	0	145707	140686
1580026321136	166601	0	192354	156556
1580026321137	147418	0	138359	138948
1580026321138	182310	0	160973	167800
1580026321139	158491	0	166898	164242
1580026321140	172153	0	181453	193626
1580026321141	160255	0	168360	191817
1580026321142	184226	0	193058	183567
1580026321143	261617	0	264463	254544
1580026321144	251550	0	271840	278875
1580026321145	263156	0	256461	263204
1580026321146	199088	0	172485	181067
1580026321147	157018	0	194821	177879
1580026321148	235887	0	254963	243700
1580026321149	290860	0	272512	272409
1580026321150	301085	0	270415	280386
1580026321151	267385	0	257926	233538
1580026321152	203834	0	176067	189538
1580026321153	228004	0	242497	190751
1580026321154	313760	0	262847	272769
1580026321155	269862	0	224871	272028
1580026321156	152600	0	173179	192178
1580026321157	179860	0	158446	173333
1580026321158	183437	0	172804	162589
1580026321159	269610	0	243701	239557
1580026321160	298127	0	287386	262325
1580026321161	241814	0	287066	292655
1580026321162	282098	0	290642	287858
1580026321163	245743	0	256044	281816
1580026321164	279083	0	304717	300478
1580026321165	297040	0	301627	297421
1580026321166	333089	0	251509	286582
1580026321167	274799	0	287352	287019
1580026321168	276791	0	346158	300507
1580026321169	281966	0	297067	292704
1580026321170	321345	0	269820	303704
1580026321171	255794	0	206316	251471
1580026321172	158526	0	184589	169110
1580026321173	199696	0	171115	173892
1580026321174	180976	0	167173	174872
1580026321175	175494	0	176305	202162
1580026321176	206694	0	182766	195891
1580026321177	170764	0	189861	179684
1580026321178	177673	0	176613	175388
1580026321179	169213	0	154581	159301
1580026321180	186976	0	189840	188181
1580026321181	225637	0	205166	206341
1580026321182	242483	0	265637	235867
1580026321183	163074	0	148032	162183
1580026321184	46713	0	43121	65332
1580026321185	83085	0	56282	76131
1580026321186	189386	0	164227	158459
1580026321187	183630	0	185775	175380
1580026321188	205096	0	217823	179636
1580026321189	113706	0	123429	136810
1580026321190	125760	0	112855	127020
1580026321191	335877	0	269919	300589
1580026321192	244861	0	206247	248726
1580026321193	193769	0	162751	190940
1580026321194	165406	0	146319	141204
1580026321195	163301	0	182690	194298
1580026321196	152139	0	136769	145767
1580026321197	177791	0	175603	176474
1580026321198	211235	0	165167	149711
1580026321199	173814	0	164622	157756
1580026321200	190612	0	173939	202124
1580026321201	174850	0	181694	213404
1580026321202	189520	0	194003	174609
1580026321203	159870	0	154353	172901
1580026321204	148504	0	109454	145823
1580026321205	118196	0	122693	138693
1580026321206	173358	0	171509	156279
1580026321207	152602	0	144101	165411
1580026321208	154411	0	168708	175185
1580026321209	195941	0	183877	190316
1580026321210	171545	0	139298	166348
1580026321211	127574	0	179061	162094
1580026321212	205060	0	203174	186682
1580026321213	269360	0	235379	246685
1580026321214	197818	0	201001	204310
1580026321215	188716	0	192319	186801
1580026321216	185417	0	173563	179983
1580026321217	193375	0	204840	194080
1580026321218	181646	0	196481	192495
1580026321219	202548	0	190795	194088
1580026321220	174505	0	151779	173993
1580026321221	207884	0	184912	187404
1580026321222	189835	0	181030	178664
1580026321223	211533	0	229510	205497
1580026321224	324045	0	264212	273440
1580026321225	88299	0	75631	89736
1580026321226	79368	0	84675	73032
1580026321227	61878	0	44800	73495
1580026321228	76646	0	77001	71606
1580026321229	97557	0	88831	111227
1580026321230	106067	0	109074	96830
1580026321231	101411	0	117084	84418
1580026321232	129312	0	111662	131324
1580026321233	86765	0	94271	83301
1580026321234	73358	0	74494	55485
1580026321235	48377	0	79594	60349
1580026321236	58894	0	77781	58311
1580026321237	57774	0	60543	81117
1580026321238	59955	0	45945	50764
1580026321239	66873	0	56099	77872
1580026321240	70326	0	63316	60511
1580026321241	68463	0	53903	59931
1580026321243	81005	0	71724	76835
1580026321244	136740	0	100305	106562
1580026321245	120449	0	120757	129384
1580026321246	81068	0	91532	88533
1580026321247	109560	0	114928	105921
1580026321248	119243	0	89264	105053
1580026321249	104380	0	115883	102277
1580026321250	123180	0	118843	90130
1580026321251	80444	0	77461	86426
1580026321252	72752	0	60897	76143
1580026321253	70984	0	53318	65473
1580026321254	127012	0	107783	100851
1580026321255	120906	0	118545	110664
1580026321256	99065	0	123143	116138
1580026321257	112880	0	104092	103413
1580026321258	115415	0	122030	73443
1580026321259	96551	0	100222	115987
1580026321260	98035	0	93833	83005
1580026321261	62670	0	55378	67357
1580026321262	54085	0	68545	79915
1580026321263	47547	0	54464	68992
1580026321264	54424	0	55675	54207
1580026321265	59950	0	56235	41356
1580026321266	64557	0	46221	50223
1580026321267	73860	0	76033	72013
1580026321268	63854	0	47041	57417
1580026321269	65746	0	69578	40606
1580026321270	72712	0	63576	62887
1580026321271	79777	0	57200	71490
1580026321272	70179	0	73078	87010
1580026321273	48742	0	62158	59746
1580026321274	60259	0	43199	75670
1580026321275	54577	0	67704	45398
1580026321276	56360	0	53956	54894
1580026321277	53992	0	66308	56867
1580026321278	55621	0	58461	44811
1580026321279	71354	0	57364	52739
1580026321280	48776	0	71358	57065
1580026321281	53095	0	61825	62618
1580026321282	64605	0	74039	58139
1580026321283	60545	0	69625	51968
1580026321284	74179	0	66752	92756
1580026321285	58251	0	61434	61107
1580026321286	67292	0	58011	59671
1580026321287	66492	0	49896	59242
1580026321288	74244	0	59156	45424
1580026321289	80968	0	71383	65688
1580026321290	59219	0	47178	66615
1580026321291	84583	0	70039	58332
1580026321292	85671	0	86326	65051
1580026321293	109690	0	116790	106426
1580026321294	76495	0	60819	73245
1580026321295	50429	0	71435	45842
1580026321296	36323	0	60851	51546
1580026321297	36028	0	55529	63987
1580026321298	70749	0	65278	50538
1580026321299	57414	0	54827	66896
1580026321300	78799	0	78498	65753
1580026321301	65587	0	67638	61242
1580026321302	55382	0	61870	68968
1580026321303	73157	0	81656	78200
1580026321304	63280	0	60137	60240
1580026321305	57238	0	55561	63889
1580026321306	68443	0	54461	73750
1580026321307	76754	0	62141	63037
1580026321308	65308	0	40405	54956
1580026321309	80090	0	71494	83052
1580026321310	76092	0	60080	89310
1580026321311	47615	0	60190	57862
1580026321312	88621	0	54651	45134
1580026321313	62792	0	71930	59781
1580026321314	76038	0	80781	69703
1580026321315	22289	0	25906	24421
1580026321316	19850	0	17080	25050
1580026321317	53639	0	53383	46641
1580026321318	82903	0	56725	56778
1580026321319	58738	0	55004	31810
1580026321320	55813	0	73813	73891
1580026321321	59085	0	66481	79417
1580026321322	37848	0	55737	51294
1580026321323	33885	0	38582	33410
1580026321324	68715	0	67968	73705
1580026321325	63819	0	61055	63743
1580026321326	70099	0	49695	57480
1580026321327	51547	0	72021	59049
1580026321328	66835	0	63606	91945
1580026321329	54412	0	45261	59579
1580026321330	72038	0	44439	71738
1580026321331	64508	0	50241	53576
1580026321332	77998	0	78518	55649
1580026321333	70045	0	62989	61581
1580026321334	68878	0	52767	56735
1580026321335	50372	0	77932	64474
1580026321336	82145	0	83167	71624
1580026321337	74233	0	52361	40920
1580026321338	60553	0	69819	58625
1580026321339	61414	0	56625	48431
1580026321340	43593	0	85687	61210
1580026321341	53135	0	61753	77170
1580026321342	69912	0	58472	50860
1580026321343	79431	0	54356	57105
1580026321344	67923	0	66821	52667
1580026321345	88088	0	58548	61340
1580026321346	85974	0	79730	60100
1580026321347	111218	0	105164	116994
1580026321348	138041	0	108937	119624
1580026321349	110319	0	96930	101180
1580026321350	137040	0	121179	114114
1580026321351	107021	0	118841	141046
1580026321352	112406	0	103024	134072
1580026321353	120912	0	101690	127905
1580026321354	83359	0	84317	88207
1580026321355	36195	0	42159	63978
1580026321356	59458	0	57005	62856
1580026321357	89893	0	92586	74729
1580026321358	74980	0	90551	78205
1580026321359	59296	0	53353	74462
1580026321360	65534	0	63953	56197
1580026321361	58794	0	69212	63033
1580026321362	52689	0	71322	87282
1580026321363	110163	0	128110	127245
1580026321364	124586	0	115158	117606
1580026321365	120885	0	99659	143906
1580026321366	149087	0	145299	127839
1580026321367	103863	0	120119	127445
1580026321368	105443	0	88338	103735
1580026321369	81520	0	77819	78261
1580026321370	115928	0	124894	109059
1580026321371	120910	0	112116	122860
1580026321372	230409	0	309404	276094
1580026321373	306499	0	313121	271395
1580026321374	315122	0	289171	278479
1580026321375	310216	0	253310	290983
1580026321376	308704	0	280551	296124
1580026321377	329844	0	339464	323823
1580026321378	269006	0	261101	268500
1580026321379	385584	0	321242	287693
1580026321380	275276	0	288933	255194
1580026321381	301506	0	331318	327192
1580026321382	288229	0	317561	297082
1580026321383	286344	0	343695	295289
1580026321384	291683	0	287171	269996
1580026321385	322620	0	327694	296328
1580026321386	278728	0	266406	280666
1580026321387	421056	0	421324	450983
1580026321388	476393	0	483192	455764
1580026321389	530461	0	579970	574281
1580026321390	306147	0	335367	298278
1580026321391	272135	0	291851	281309
1580026321392	286405	0	291692	276441
1580026321393	291149	0	316659	299150
1580026321394	299813	0	294617	276339
1580026321395	270748	0	296940	274410
1580026321396	279983	0	293368	316873
1580026321397	237045	0	222768	227154
1580026321398	472247	0	450352	434843
1580026321399	497527	0	504721	524309
1580026321400	345864	0	372816	362369
1580026321401	417486	0	304012	346647
1580026321402	329903	0	298827	322914
1580026321403	311572	0	308511	297458
1580026321404	247643	0	220333	249093
1580026321405	167228	0	178219	149059
1580026321406	152135	0	160933	189115
1580026321407	270767	0	278791	251363
1580026321408	189160	0	202538	204587
1580026321409	172224	0	216430	159124
1580026321410	286882	0	279924	300426
1580026321411	311802	0	333954	313300
1580026321412	302704	0	308381	246791
1580026321413	336730	0	389716	383408
1580026321414	331368	0	299982	273113
1580026321415	272564	0	309939	296300
1580026321416	276569	0	276727	301316
1580026321417	265479	0	284127	242221
1580026321418	323934	0	298410	260300
1580026321419	294470	0	257465	265932
1580026321420	308310	0	302978	288105
1580026321421	306070	0	350837	331747
1580026321422	273130	0	320400	246255
1580026321423	316301	0	284744	267935
1580026321424	334656	0	326931	326895
1580026321425	297609	0	317799	325224
1580026321426	263726	0	273843	296276
1580026321427	319459	0	293587	329842
1580026321428	215936	0	233426	258427
1580026321429	175092	0	191267	182450
1580026321430	171110	0	183117	191531
1580026321431	30832	0	22382	24454
1580026321433	19724	0	38343	33242
1580026321434	177847	0	197449	176821
1580026321435	181384	0	235369	201788
1580026321436	160850	0	202743	192799
1580026321437	284513	0	293068	315715
1580026321438	260857	0	293818	309094
1580026321439	256607	0	240571	284932
1580026321440	306607	0	280202	277461
1580026321441	326206	0	331566	346899
1580026321442	359436	0	293162	322520
1580026321443	318737	0	312314	309069
1580026321444	299098	0	276047	243555
1580026321445	207506	0	275396	201688
1580026321446	236444	0	234085	242002
1580026321447	198533	0	165892	205114
1580026321448	42272	0	25509	36828
1580026321449	236285	0	262440	169569
1580026321450	328934	0	359201	318074
1580026321451	311656	0	338384	272607
1580026321452	366088	0	347842	397255
1580026321453	427644	0	471031	456430
1580026321454	123406	0	141124	125106
1580026321455	86716	0	66223	63571
1580026321456	101756	0	115403	119753
1580026321457	157648	0	132924	150834
1580026321458	198433	0	196154	194133
1580026321459	208628	0	160053	237686
1580026321460	172572	0	194818	163237
1580026321461	171900	0	184122	189458
1580026321462	193853	0	156137	212576
1580026321463	145057	0	139298	129357
1580026321464	172496	0	153587	169099
1580026321465	197440	0	192074	207376
1580026321466	338961	0	237493	286658
1580026321467	269161	0	285867	272526
1580026321468	231305	0	187797	245378
1580026321469	179546	0	183887	188190
1580026321470	215566	0	180511	187894
1580026321471	214046	0	246886	183748
1580026321472	197682	0	221883	228241
1580026321473	241818	0	264687	261798
1580026321474	355782	0	356682	350351
1580026321475	368961	0	356938	370121
1580026321476	236506	0	236954	256008
1580026321477	204417	0	227395	205923
1580026321478	121628	0	173768	182608
1580026321479	223429	0	172322	206501
1580026321480	215442	0	228911	209656
1580026321481	223930	0	200614	193647
1580026321482	221766	0	181952	243048
1580026321483	343541	0	277811	323631
1580026321484	533370	0	544356	466574
1580026321485	376801	0	345002	418179
1580026321486	256868	0	267116	252190
1580026321487	306227	0	307241	277649
1580026321506	107118	0	100138	87398
1580026321507	319021	0	316704	320392
1580026321508	248805	0	236953	238787
1580026321509	292517	0	245458	240116
1580026321510	289822	0	242498	236545
1580026321511	251108	0	263370	241666
1580026321512	263532	0	246628	240223
1580026321513	233508	0	232030	266012
1580026321514	266194	0	270277	264720
1580026321515	238735	0	254061	239142
1580026321516	243089	0	236436	248669
1580026321517	227046	0	250278	225696
1580026321518	253979	0	219637	219372
1580026321519	309493	0	235095	237945
1580026321520	238423	0	257660	245076
1580026321521	258739	0	236771	246980
1580026321522	250464	0	276376	226866
1580026321523	278966	0	251957	278541
1580026321524	250487	0	209474	254384
1580026321525	223622	0	237152	261206
1580026321526	235966	0	200434	206127
1580026321527	226077	0	229439	241474
1580026321528	258005	0	258313	253288
1580026321529	280360	0	262405	270908
1580026321530	207178	0	218488	220706
1580026321531	244843	0	225510	237724
1580026321532	245470	0	249158	198319
1580026321533	194270	0	208692	219267
1580026321534	163953	0	159172	107541
1580026321535	270814	0	235636	214624
1580026321536	277113	0	251580	248308
1580026321537	277621	0	286189	253053
1580026321538	294140	0	248128	266469
1580026321539	232453	0	242044	233126
1580026321540	265840	0	222578	246446
1580026321541	226323	0	240779	233810
1580026321542	243352	0	215151	237444
1580026321543	137505	0	155603	155710
1580026321544	204884	0	199730	224380
1580026321545	83142	0	91284	87944
1580026321546	209975	0	162902	182717
1580026321547	235832	0	234780	231155
1580026321548	236085	0	210509	256527
1580026321549	247808	0	222535	225562
1580026321550	255638	0	254840	267014
1580026321551	243691	0	262363	253599
1580026321552	240371	0	258373	252948
1580026321553	229231	0	246731	241243
1580026321554	248292	0	220593	213713
1580026321555	245616	0	239030	249898
1580026321556	93802	0	126559	123127
1580026321557	244009	0	209585	269227
1580026321558	108987	0	97604	117300
1580026321559	198249	0	208418	182073
1580026321560	119458	0	131419	146350
1580026321561	228566	0	214195	239295
1580026321562	164308	0	167442	154945
1580026321563	196044	0	246024	211436
1580026321564	133565	0	148031	153898
1580026321565	165456	0	147541	130066
1580026321566	252935	0	222026	219938
1580026321567	178598	0	201007	234972
1580026321568	285648	0	248454	247146
1580026321569	253314	0	221280	256827
1580026321570	241717	0	227337	246146
1580026321571	212198	0	229154	252837
1580026321572	246542	0	248931	242709
1580026321573	239838	0	209590	245348
1580026321574	156547	0	181748	212298
1580026321576	192498	0	175972	186578
1580026321577	95017	0	75887	70802
1580026321578	193712	0	178283	139900
1580026321579	49091	0	54874	54990
1580026321580	101971	0	122911	70717
1580026321657	69591	0	45719	57568
1580026321658	345881	0	349139	365359
1580026321659	312389	0	365792	395089
1580026321660	363933	0	378092	343914
1580026321661	193801	0	144478	161396
1580026321662	347039	0	360877	321709
1580026321663	341347	0	327462	369032
1580026321664	353226	0	352610	397399
1580026321665	203946	0	181196	195751
1580026321666	328287	0	320038	328254
1580026321667	337227	0	322368	382183
1580026321668	281791	0	324687	345147
1580026321669	301100	0	359355	366538
1580026321670	132938	0	139617	176575
1580026321672	254754	0	246113	294610
1580026321673	340463	0	313042	326436
1580026321674	303069	0	317605	347650
1580026321675	304406	0	309128	341555
1580026321676	339377	0	386795	335011
1580026321677	381247	0	342894	293156
1580026321678	358417	0	394310	387889
1580026321679	379298	0	411181	371184
1580026321680	369915	0	313648	339440
1580026321681	284075	0	289868	287810
1580026321682	341980	0	356791	335521
1580026321683	260759	0	281218	242871
1580026321684	238822	0	274592	278606
1580026321685	325958	0	363421	332813
1580026321686	324609	0	381317	367949
1580026321687	350577	0	324776	288838
1580026321688	291193	0	334988	323934
1580026321689	354765	0	373612	353027
1580026321690	347774	0	325048	339529
1580026321691	375911	0	332424	365950
1580026321692	341988	0	400148	384648
1580026321693	287132	0	286034	358837
1580026321694	83883	0	99750	73474
1580026321695	23448	0	22508	34969
1580026321696	343383	0	311454	313275
1580026321697	374305	0	343322	322527
1580026321698	306174	0	264002	281121
1580026321699	351599	0	284658	285024
1580026321700	386472	0	387677	323460
1580026321701	335416	0	410416	370223
1580026321702	528163	0	588718	540480
1580026321703	377599	0	327789	339617
1580026321704	296226	0	386159	307549
1580026321705	303994	0	280186	297278
1580026321706	220755	0	242608	285263
1580026321707	250070	0	255673	243329
1580026321708	137118	0	142325	170292
1580026321709	342493	0	339707	320268
1580026321710	375304	0	357418	387171
1580026321711	194903	0	199081	194438
1580026321712	23826	0	17817	22681
1580026321713	91669	0	90704	67907
1580026321714	369763	0	334111	389063
1580026321715	414991	0	407086	424569
1580026321716	390539	0	370259	361336
1580026321717	335302	0	356382	338258
1580026321718	373062	0	357318	413397
1580026321719	345483	0	375314	359785
1580026321720	608495	0	660993	611459
1580026321721	403109	0	414008	431393
1580026321722	422914	0	437074	472028
1580026321723	6540	0	4833	8011
1580026321724	132315	0	98898	99171
1580026321725	154064	0	176396	219494
1580026321726	430721	0	365297	372256
1580026321727	349511	0	365832	367228
1580026321728	201922	0	219897	219158
1580026321729	297668	0	304030	318181
1580026321730	326771	0	295140	330739
1580026321731	485968	0	437557	443056
1580026321732	430831	0	446018	422743
1580026321733	515727	0	462126	437591
1580026321734	386702	0	420199	435202
1580026321735	535542	0	563547	574590
1580026321736	477433	0	422545	443216
1580026321737	348247	0	346401	390738
1580026321738	279519	0	292406	302138
1580026321739	257209	0	213142	259270
1580026321740	321642	0	323476	368449
1580026321741	155775	0	150403	164269
1580026321742	303380	0	283169	292335
1580026321743	330436	0	328875	321183
1580026321744	344107	0	337269	329174
1580026321745	339970	0	405451	364267
1580026321746	476246	0	577050	558026
1580026321747	391789	0	411569	347196
1580026321748	339458	0	357849	381357
1580026321749	482282	0	487679	517038
1580026321750	469408	0	447416	507360
1580026321751	370957	0	384276	354400
1580026321752	349498	0	362949	374335
1580026321753	417556	0	378207	385624
1580026321754	362980	0	424717	403319
1580026321755	321655	0	375740	386480
1580026321756	340263	0	280274	335645
1580026321757	353617	0	350425	352463
1580026321758	296709	0	350350	316713
1580026321759	183924	0	170985	169807
1580026321760	269601	0	296924	286502
1580026321761	571707	0	560771	564969
1580026321762	369295	0	363820	364750
1580026321763	612978	0	589034	600385
1580026321764	424047	0	412579	381929
1580026321765	334372	0	310583	329683
1580026321766	355696	0	368026	348115
1580026321767	340303	0	318087	319917
1580026321768	396607	0	378176	355324
1580026321769	213020	0	204991	216035
1580026321770	345910	0	350948	333509
1580026321771	288699	0	308369	324352
1580026321772	319694	0	325139	363537
1580026321773	277238	0	281741	271588
1580026321774	324244	0	300591	335861
1580026321775	356512	0	322155	357179
1580026321776	382346	0	392129	342236
1580026321777	553562	0	472591	540984
1580026321778	441981	0	465207	425473
1580026321779	478021	0	454408	469207
1580026321780	458611	0	371765	482488
1580026321781	391955	0	387810	386216
1580026321782	422797	0	407253	375131
1580026321783	493216	0	548145	534409
1580026321784	314237	0	368490	367996
1580026321785	322527	0	301259	295454
1580026321786	289799	0	315428	325374
1580026321787	375804	0	353290	373025
1580026321788	351405	0	339495	354283
1580026321789	375959	0	388419	398038
1580026321790	330261	0	404757	353006
1580026321791	358143	0	366145	362405
1580026321792	484380	0	482844	530838
1580026321793	354372	0	276760	383817
1580026321794	417578	0	457478	416607
1580026321795	369714	0	368501	420471
1580026321796	442622	0	546910	532517
1580026321797	452100	0	478492	444541
1580026321798	504556	0	487695	430486
1580026321799	517478	0	478986	506912
1580026321800	278484	0	312720	278493
1580026321801	227570	0	253629	222081
1580026321802	237809	0	242846	245981
1580026321803	316322	0	350841	328459
1580026321804	396870	0	401205	401791
1580026321805	361702	0	374556	360361
1580026321806	367110	0	381631	404188
1580026321807	446054	0	406053	383235
1580026321808	606847	0	640952	650677
1580026321809	403431	0	385803	425916
1580026321810	495271	0	546119	471425
1580026321811	361899	0	310615	334906
1580026321812	298928	0	387886	371213
1580026321813	413216	0	376637	366096
1580026321814	344065	0	365186	388745
1580026321815	414236	0	393490	466873
1580026321816	581884	0	587899	551754
1580026321817	488463	0	471875	440990
1580026321818	464282	0	361781	400245
1580026321819	405222	0	381723	417189
1580026321820	324487	0	285429	327984
1580026321821	63407	0	82821	60947
1580026321823	326922	0	275714	298442
1580026321824	380231	0	367980	403563
1580026321825	585596	0	624440	673599
1580026321826	463277	0	413897	468922
1580026321827	500398	0	489732	443501
1580026321828	429242	0	404545	492700
1580026321829	466190	0	450554	471902
1580026321830	400299	0	381664	340282
1580026321831	515565	0	530916	532017
1580026321832	425888	0	411678	463898
1580026321833	392427	0	428465	415107
1580026321834	486048	0	440910	454626
1580026321835	433795	0	482740	470869
1580026321836	492150	0	486070	484300
1580026321837	419467	0	372294	372839
1580026321838	343149	0	349035	343364
1580026321839	365878	0	345748	353242
1580026321840	337484	0	309848	326085
1580026321850	104084	0	81026	99021
1580026321851	479719	0	456788	424935
1580026321852	459373	0	500448	394352
1580026321853	451885	0	404243	463382
1580026321854	447785	0	449014	455852
1580026321855	269642	0	243063	273136
1580026321856	131944	0	150662	150241
1580026321857	152928	0	181992	135470
1580026321858	174715	0	161609	181905
1580026321859	373000	0	364767	406022
1580026321860	394468	0	365935	416758
1580026321861	348204	0	362922	363555
1580026321862	379781	0	461412	424037
1580026321863	488870	0	494236	521240
1580026321864	421365	0	412869	382219
1580026321865	529779	0	514517	526032
1580026321866	240190	0	243616	243391
1580026321867	254999	0	243133	219929
1580026321868	326367	0	324518	340719
1580026321869	396818	0	381477	356119
1580026321870	426458	0	404523	453667
1580026321871	377300	0	379897	420582
1580026321872	415973	0	377941	381356
1580026321873	381233	0	381817	345664
1580026321874	276600	0	265178	314537
1580026321875	487655	0	462957	519671
1580026321876	453070	0	435384	407073
1580026321877	507375	0	493593	489108
1580026321878	510517	0	516217	526071
1580026321879	408272	0	366607	415900
1580026321880	307378	0	291089	274050
1580026321881	186365	0	183006	258475
1580026321882	22869	0	17312	13136
1580026321883	163590	0	185651	151403
1580026321884	330782	0	306298	332536
1580026321885	248886	0	236333	252234
1580026321886	340804	0	317295	320154
1580026321887	300282	0	281123	286364
1580026321888	320215	0	351388	295861
1580026321889	17225	0	11425	28230
1580026321891	296397	0	333560	295564
1580026321892	241832	0	268835	290850
1580026321893	235386	0	247424	279187
1580026321894	214581	0	244133	237961
1580026321895	233874	0	252285	289833
1580026321896	397066	0	401793	394484
1580026321897	247190	0	288666	244377
1580026321898	375995	0	364112	344765
1580026321899	312754	0	339219	326116
1580026321900	207560	0	222852	202797
1580026321901	289635	0	290183	343885
1580026321902	358958	0	334369	293844
1580026321903	388692	0	384878	345925
1580026321904	296457	0	289933	308447
1580026321905	272125	0	261872	263868
1580026321906	421269	0	465274	417803
1580026321907	383348	0	361571	356833
1580026321908	361103	0	409888	344530
1580026321909	267254	0	335315	300494
1580026321910	237818	0	254983	232802
1580026321911	501238	0	448186	498085
1580026321912	420877	0	435246	467524
1580026321913	173807	0	207526	205069
1580026321914	382127	0	389600	391674
1580026321915	332832	0	369422	333138
1580026321916	465314	0	498413	430038
1580026321917	457153	0	553577	479930
1580026321918	533568	0	531429	565228
1580026321919	539436	0	542316	528040
1580026321920	428742	0	428644	468976
1580026321921	435997	0	478092	473813
1580026321922	439435	0	451057	468255
1580026321923	388058	0	406076	381682
1580026321924	478928	0	446992	468346
1580026321925	544874	0	486422	571119
1580026321926	450731	0	455031	458408
1580026321927	628697	0	612776	675021
1580026321928	485902	0	522294	486267
1580026321929	740671	0	649539	693720
1580026321930	684131	0	618299	647576
1580026321931	592550	0	662103	584838
1580026321932	589129	0	624206	574920
1580026321933	567483	0	612912	610882
1580026321934	660716	0	638922	634339
1580026321935	634532	0	644229	620398
1580026321936	616642	0	630852	689151
1580026321937	574188	0	532022	497504
1580026321938	504424	0	508663	577793
1580026321939	709400	0	758311	726209
1580026321940	711707	0	779551	697088
1580026321941	696471	0	721125	704510
1580026321942	688558	0	700668	717279
1580026321943	739641	0	717786	639476
1580026321944	671021	0	684880	609354
1580026321945	676508	0	631290	754111
1580026321946	759711	0	732778	759948
1580026321947	713570	0	756121	705810
1580026321948	784316	0	762609	662294
1580026321949	754759	0	718106	781334
1580026321950	767492	0	683975	742958
1580026321951	702046	0	693949	727237
1580026321952	666508	0	642166	610212
1580026321953	467561	0	554995	573685
1580026322111	363406	0	411211	430466
1580026322112	736860	0	650274	639197
1580026322113	691417	0	805890	761882
1580026322114	674159	0	602852	716218
1580026322115	611601	0	699004	643193
1580026322116	691611	0	672791	671291
1580026322117	592093	0	612075	658356
1580026322118	727555	0	708625	733662
1580026322119	739610	0	801044	748652
1580026322120	643903	0	665087	668849
1580026322121	625515	0	566775	636215
1580026322122	349047	0	384846	374978
1580026322123	374578	0	311989	375825
1580026322124	578284	0	589736	553066
1580026322125	645856	0	603659	638324
1580026322126	658750	0	667542	652736
1580026322127	685665	0	712464	688693
1580026322128	644976	0	662843	644653
1580026322129	649619	0	601253	667273
1580026322130	621726	0	597399	629825
1580026322131	653357	0	650639	627383
1580026322132	635893	0	618099	675316
1580026322133	636353	0	707596	657031
1580026322134	678532	0	626985	647565
1580026322135	677002	0	671806	686570
1580026322136	729169	0	664530	710798
1580026322137	779599	0	773228	779217
1580026322138	621602	0	581287	507925
1580026322139	579014	0	633287	599421
1580026322140	740924	0	680934	674628
1580026322141	763594	0	725325	735170
1580026322142	728237	0	700022	701395
1580026322143	675740	0	715773	740520
1580026322144	751112	0	809086	705435
1580026322145	765403	0	838060	765400
1580026322146	774122	0	749178	759306
1580026322147	727512	0	748389	728332
1580026322148	712152	0	732857	770243
1580026322149	800991	0	791071	733886
1580026322150	758370	0	760215	757491
1580026322151	735943	0	740678	668908
1580026322152	762544	0	764215	722376
1580026322153	733255	0	760260	698551
1580026322154	762354	0	741216	694664
1580026322155	801937	0	710770	701846
1580026322156	789977	0	798227	744164
1580026322157	755582	0	768456	740306
1580026322158	711685	0	756617	777746
1580026322159	769757	0	744429	755044
1580026322160	789719	0	759532	755425
1580026322161	731004	0	812227	723751
1580026322162	791562	0	756323	764050
1580026322163	629989	0	678372	683299
1580026322164	787366	0	746901	725917
1580026322165	722251	0	737138	660569
1580026322166	753701	0	719537	742063
1580026322167	742456	0	728069	707496
1580026322168	754415	0	778170	759683
1580026322169	681314	0	632017	634423
1580026322170	817972	0	697780	720015
1580026322171	764139	0	782447	792703
1580026322172	827824	0	706714	737614
1580026322173	708829	0	700207	715652
1580026322174	768420	0	772280	749446
1580026322175	751155	0	772224	853652
1580026322176	746228	0	798422	757161
1580026322177	672343	0	716977	687641
1580026322178	757873	0	738590	744807
1580026322179	708378	0	723613	717657
1580026322180	751015	0	851044	748227
1580026322181	712699	0	778998	721578
1580026322182	723389	0	735301	825458
1580026322183	785593	0	672169	759157
1580026322184	768035	0	731862	745394
1580026322185	699930	0	710034	657757
1580026322186	810190	0	800074	708458
1580026322187	745967	0	757564	751700
1580026322188	754019	0	765618	792401
1580026322189	627915	0	624859	728772
1580026322190	708103	0	749276	809441
1580026322191	777679	0	805829	792738
1580026322192	791625	0	761450	770322
1580026322193	803645	0	724621	808679
1580026322194	782237	0	805652	797168
1580026322195	780111	0	755148	802628
1580026322196	767367	0	770627	727443
1580026322197	813255	0	774269	724600
1580026322198	771149	0	728789	771158
1580026322199	731264	0	758269	742668
1580026322200	744164	0	756521	735832
1580026322201	707028	0	750018	783559
1580026322202	679272	0	761740	697529
1580026322203	811763	0	770076	757703
1580026322204	798856	0	757635	747012
1580026322205	755693	0	755813	781326
1580026322206	445672	0	506432	492705
1580026322207	371435	0	342084	354663
1580026322208	410532	0	364665	375814
1580026322209	710499	0	777902	705382
1580026322210	716673	0	820800	757565
1580026322211	699599	0	731773	729820
1580026322212	699271	0	782066	771015
1580026322213	748208	0	739649	726714
1580026322214	702278	0	718890	668476
1580026322215	703582	0	800170	718844
1580026322216	728457	0	746747	738258
1580026322217	808541	0	778615	713449
1580026322218	744152	0	722832	774314
1580026322219	708602	0	784408	739268
1580026322220	742595	0	686441	798209
1580026322221	804335	0	726770	722154
1580026322222	707645	0	710446	772986
1580026322223	722128	0	721827	710507
1580026322224	713692	0	775285	792021
1580026322225	790228	0	771903	818526
1580026322226	758934	0	773624	792071
1580026322227	714110	0	689167	717201
1580026322228	731193	0	759917	746212
1580026322229	704101	0	785530	771466
1580026322230	845795	0	794870	809370
1580026322231	746036	0	778561	717127
1580026322232	757835	0	743877	754424
1580026322233	765412	0	764427	790857
1580026322234	793071	0	701615	706362
1580026322235	800311	0	747079	769802
1580026322236	762760	0	700436	786025
1580026322237	756846	0	837934	767843
1580026322238	581366	0	673627	664457
1580026322239	421865	0	484549	465298
1580026322240	349464	0	290103	301455
1580026322241	646659	0	655007	696985
1580026322242	778099	0	737739	755939
1580026322243	706711	0	763085	792665
1580026322244	689767	0	701470	767116
1580026322245	776734	0	668402	746698
1580026322246	649583	0	649166	679747
1580026322247	771670	0	722837	698774
1580026322248	656956	0	653229	707130
1580026322249	653377	0	798166	737892
1580026322250	722152	0	745780	704184
1580026322251	716282	0	633590	685926
1580026322252	802935	0	767345	696867
1580026322253	693394	0	682264	709750
1580026322254	758825	0	679915	689399
1580026322255	461672	0	437024	424937
1580026322256	418565	0	416273	360538
1580026322257	636542	0	672713	620228
1580026322258	843984	0	776381	811251
1580026322259	867166	0	829053	854480
1580026322260	884989	0	845426	832368
1580026322261	907245	0	909438	834701
1580026322262	985308	0	897705	920735
1580026322263	916388	0	967810	911350
1580026322264	995591	0	907768	903807
1580026322265	823369	0	850801	843641
1580026322266	980439	0	889707	976003
1580026322267	904940	0	974949	961749
1580026322268	989454	0	932735	930165
1580026322269	877960	0	857395	835938
1580026322270	894680	0	936377	969528
1580026322271	799731	0	873632	849408
1580026322272	915394	0	841029	756173
1580026322273	458974	0	409559	440899
1580026322304	757031	0	665973	816653
1580026322305	874897	0	968179	905171
1580026322306	951698	0	906343	929511
1580026322307	686354	0	753842	710882
1580026322308	650001	0	622141	661621
1580026322309	516165	0	491025	436127
1580026322310	453593	0	425397	418229
1580026322311	562974	0	526574	520728
1580026322312	597664	0	539154	563866
1580026322313	634061	0	588505	609305
1580026322314	595121	0	595349	575655
1580026322315	610814	0	619423	625323
1580026322316	618897	0	641493	610656
1580026322317	611919	0	646350	616307
1580026322318	647233	0	602249	606047
1580026322319	578522	0	611953	587142
1580026322320	502773	0	482624	536259
1580026322321	575219	0	564923	619631
1580026322322	619515	0	599012	630903
1580026322323	675245	0	605631	645187
1580026322324	602051	0	678000	611513
1580026322325	602438	0	541043	598914
1580026322326	542545	0	625431	612788
1580026322327	630612	0	638298	588554
1580026322328	640879	0	598529	586952
1580026322329	616520	0	590151	564469
1580026322330	498125	0	545327	501385
1580026322331	632606	0	598578	596762
1580026322332	632240	0	659975	639651
1580026322333	642093	0	660546	596964
1580026322334	603198	0	640861	649047
1580026322335	669030	0	623734	592159
1580026322336	630140	0	578043	556133
1580026322337	574170	0	557066	513965
1580026322338	592919	0	553935	637927
1580026322339	452651	0	455140	468308
1580026322340	370113	0	372724	413025
1580026322341	341667	0	376467	371882
1580026322342	375625	0	405437	384642
1580026322343	520126	0	547470	539874
1580026322344	388147	0	355946	368294
1580026322345	244314	0	203116	230181
1580026322411	214795	0	219342	204404
1580026322412	734774	0	793422	736399
1580026322413	803637	0	871962	762870
1580026322414	753697	0	729922	702150
1580026322415	840211	0	811516	827219
1580026322416	731538	0	671852	746620
1580026322417	800341	0	783377	782484
1580026322418	522199	0	503948	468539
1580026322419	556104	0	553057	540955
1580026322420	584102	0	630849	611231
1580026322421	651211	0	651192	629477
1580026322422	566542	0	549369	543978
1580026322423	802321	0	812851	848973
1580026322424	808760	0	822753	808740
1580026322425	749063	0	683290	731406
1580026322426	803793	0	798406	843447
1580026322427	701624	0	735771	733816
1580026322428	855963	0	839355	853456
1580026322429	820780	0	910584	858913
1580026322430	424471	0	438381	429331
1580026322431	448589	0	453001	473793
1580026322432	505255	0	525151	481274
1580026322433	551452	0	576401	474041
1580026322434	382991	0	407291	386091
1580026322435	520427	0	555766	540756
1580026322436	498839	0	466777	473025
1580026322437	526232	0	447517	523283
1580026322438	528866	0	465749	459187
1580026322439	495885	0	491516	527292
1580026322440	514296	0	443025	539851
1580026322441	769958	0	775642	861629
1580026322442	560978	0	621993	595072
1580026322443	536893	0	523496	526930
1580026322444	676525	0	657027	666731
1580026322445	834436	0	870569	798872
1580026322446	461752	0	443902	451966
1580026322447	571899	0	660315	591276
1580026322448	810520	0	810211	852633
1580026322449	698684	0	730608	753134
1580026322450	746917	0	792496	779706
1580026322451	808644	0	806698	796441
1580026322452	654656	0	698716	664880
1580026322453	824492	0	785510	901769
1580026322454	736700	0	701610	750478
1580026322455	777860	0	827718	839224
1580026322456	789448	0	709447	727927
1580026322457	803906	0	775163	795436
1580026322458	805950	0	772193	795591
1580026322459	695863	0	776400	716630
1580026322460	841870	0	784978	843657
1580026322461	662629	0	684400	751448
1580026322462	933133	0	855325	864580
1580026322463	771560	0	825758	761202
1580026322464	847098	0	798175	874223
1580026322465	830482	0	915631	805107
1580026322466	855754	0	884627	834627
1580026322467	901467	0	895090	884147
1580026322468	958469	0	931721	921973
1580026322469	939153	0	914363	964574
1580026322470	891556	0	916165	922132
1580026322471	938020	0	940982	955061
1580026322472	887056	0	946917	925728
1580026322473	785575	0	799303	805488
1580026322474	958167	0	856792	890143
1580026322475	923168	0	960336	882260
1580026322476	905329	0	850450	935923
1580026322477	962236	0	916276	908290
1580026322478	912156	0	908486	904198
1580026322479	939133	0	934635	934481
1580026322480	853032	0	940755	866430
1580026322481	1001841	0	949472	921936
1580026322482	968495	0	787998	917815
1580026322483	939488	0	898731	843512
1580026322484	936956	0	959222	987787
1580026322485	873005	0	955927	961264
1580026322486	832720	0	905757	836224
1580026322487	941229	0	996143	892076
1580026322488	884588	0	978283	824727
1580026322489	834255	0	964336	917739
1580026322490	864221	0	889281	861293
1580026322491	891883	0	1001548	916787
1580026322492	933693	0	858405	868272
1580026322493	896541	0	897075	962680
1580026322494	893214	0	1016321	913344
1580026322495	902200	0	895194	923242
1580026322496	903915	0	942046	922225
1580026322497	949383	0	845728	838940
1580026322498	884675	0	846147	923691
1580026322499	904994	0	941423	964126
1580026322500	905418	0	894816	932478
1580026322501	857904	0	805522	837495
1580026322502	668174	0	710314	736071
1580026322503	323045	0	355346	326409
1580026322504	519890	0	496317	537316
1580026322505	888728	0	813900	877076
1580026322506	498189	0	522566	506474
1580026322507	770782	0	730164	737296
1580026322508	905158	0	965936	907730
1580026322509	949560	0	891679	907371
1580026322510	894107	0	862018	925832
1580026322511	858840	0	912062	809714
1580026322512	910793	0	883893	902383
1580026322513	912903	0	929426	897246
1580026322514	887492	0	940924	925165
1580026322515	912601	0	930791	932120
1580026322516	948442	0	919288	898889
1580026322517	943555	0	939721	957116
1580026322518	909283	0	914682	930095
1580026322519	943642	0	910953	961174
1580026322520	923947	0	950258	964321
1580026322521	790697	0	814840	845782
1580026322522	826554	0	851939	913539
1580026322523	899013	0	907661	899979
1580026322524	860607	0	951255	933033
1580026322525	948301	0	990672	934188
1580026322526	886052	0	852943	957087
1580026322527	915489	0	951023	875215
1580026322528	885407	0	946136	889745
1580026322529	914349	0	961293	868501
1580026322530	945065	0	926455	885346
1580026322531	875901	0	884896	931164
1580026322532	912530	0	925208	902346
1580026322533	895489	0	903322	953419
1580026322534	904449	0	853050	883868
1580026322535	887730	0	986433	952312
1580026322536	1008498	0	932943	947629
1580026322537	903070	0	942729	945146
1580026322538	875643	0	840247	936194
1580026322539	939741	0	910760	907347
1580026322540	949907	0	918693	888376
1580026322541	963592	0	890807	973815
1580026322542	928693	0	900032	907298
1580026322543	881139	0	924916	939008
1580026322544	958488	0	950063	918354
1580026322545	863975	0	954841	917089
1580026322546	876163	0	776432	848248
1580026322547	949405	0	950864	873178
1580026322548	898766	0	973911	825289
1580026322549	871698	0	801339	847423
1580026322550	708351	0	745777	764351
1580026322551	716304	0	763912	842700
1580026322552	977215	0	990433	806422
1580026322553	877537	0	940333	935284
1580026322554	926048	0	892410	928123
1580026322555	876290	0	983076	846552
1580026322556	937418	0	915515	900462
1580026322557	815520	0	737043	730068
1580026322558	936269	0	831853	902992
1580026322559	803011	0	853092	825138
1580026322560	923497	0	910502	851599
1580026322561	913269	0	937914	905875
1580026322562	861422	0	980706	927135
1580026322563	863418	0	945161	932451
1580026322564	931063	0	907488	931005
1580026322565	939033	0	954855	860885
1580026322566	962864	0	902274	891767
1580026322567	947758	0	966473	889032
1580026322568	894475	0	948609	946242
1580026322569	903609	0	897029	1030189
1580026322570	904871	0	891922	860076
1580026322571	885862	0	933875	830504
1580026322572	951958	0	917662	913921
1580026322573	888042	0	967051	924667
1580026322574	911570	0	980345	938413
1580026322575	869803	0	918594	849883
1580026322576	942488	0	931765	926684
1580026322577	867193	0	937090	914301
1580026322578	928572	0	939271	921300
1580026322579	912504	0	884208	943346
1580026322580	776624	0	796653	856158
1580026322581	877234	0	920813	817425
1580026322582	885449	0	923667	933899
1580026322583	909128	0	973043	935104
1580026322584	909636	0	940725	932128
1580026322585	892435	0	907006	940062
1580026322586	917396	0	862623	888110
1580026322587	892980	0	855183	844608
1580026322588	980977	0	867691	958164
1580026322589	861692	0	1018458	989387
1580026322590	937499	0	938219	985409
1580026322591	931015	0	947061	923972
1580026322592	847171	0	873081	882299
1580026322593	965490	0	892156	929467
1580026322594	547780	0	579318	542730
